0.4 0.8793630603186045 -1.1060454085309384 0.8614473592040761
0.402 0.8815859850490523 -1.1169127080227241 0.8862709913669892
0.404 0.8838308486644443 -1.1279863220751922 0.9124542611860131
0.406 0.8860980764290589 -1.1392791262077109 0.9401489754176849
0.40800000000000003 0.8883881208983245 -1.15080559086375 0.9695604323811944
0.41000000000000003 0.8907014668494115 -1.1625819293773003 1.000790476193572
0.41200000000000003 0.8930386288252321 -1.1746264279697027 1.0342012154787938
0.41400000000000003 0.8954002445672735 -1.1869608107189533 1.070017442332502
0.41600000000000004 0.8977867588124803 -1.1996079575989853 1.1086936163020171
0.41800000000000004 0.9001989044562666 -1.2125973672912562 1.1506720857039683
0.42000000000000004 0.902637400135209 -1.2259629597482395 1.1965421188450613
0.42200000000000004 0.9051030347195431 -1.2397448556054722 1.2471004997203947
0.42400000000000004 0.9075966899618516 -1.253992781639411 1.3034064679321826
0.42600000000000005 0.9101194382076508 -1.2687692009238423 1.3668125191819611
0.428 0.9126722494527044 -1.2841510301258552 1.4396180940625034
0.43 0.9152565168491027 -1.3002456103830282 1.524985755968347
0.432 0.9178738035728787 -1.3171998666721745 1.6281850641485873
0.434 0.9205261083398392 -1.3352275333853934 1.7583355862044585
0.436 0.9232158110319738 -1.354690682194383 1.935865272240163
0.438 0.9259464354917616 -1.3762947418046032 2.2163073593624536
0.44 0.9287238187627027 -1.402256033408817 2.9867580360216777
0.442 0.9315635685886775 -1.4351600136074922 2.5448038830978548
0.444 0.9344580451524452 -1.4585589458789014 2.1089997819788096
0.446 0.9373956340465799 -1.4786176498362134 1.8803432202686385
0.448 0.9403711580838595 -1.4966209575986618 1.7248441411387936
0.45 0.943381123612305 -1.5131257209084232 1.6070868627770436
0.452 0.9464228749274135 -1.5284479694205442 1.5124069134607918
0.454 0.9494942651105922 -1.5427927149057132 1.4333017291525423
0.456 0.9525934911191938 -1.5563042694305556 1.365421834556297
0.458 0.9557189988784177 -1.569090072267008 1.3060185559265824
0.46 0.9588694234483188 -1.581233387753005 1.2532409056490486
0.462 0.9620435487236414 -1.5928007489592289 1.205785259025292
0.464 0.9652402789926388 -1.6038466371260744 1.1627005968153596
0.466 0.9684586181061127 -1.6144165486936837 1.1232701358999864
0.468 0.9716976537226226 -1.6245490840991148 1.0869395470299559
0.47000000000000003 0.9749565450776325 -1.6342774289358375 1.0532716028999338
0.472 0.9782345132932103 -1.6436304396179984 1.021915762789025
0.474 0.9815308335714512 -1.6526334573694286 0.9925869354458223
0.476 0.9848448288117333 -1.6613089285793572 0.9650501685269988
0.478 0.988175864320699 -1.6696768845340304 0.9391091942748432
0.48 0.9915233433734649 -1.677755318175042 0.9145984545650866
0.482 0.9948867034483789 -1.6855604846369463 0.8913768868723498
0.484 0.9982654130030144 -1.6931071445689223 0.8693233548861642
0.486 1.0016589686911128 -1.7004087636353926 0.8483330624256176
0.488 1.0050668929429016 -1.70747767774668 0.8283147879623404
0.49 1.0084887318476603 -1.714325231082081 0.8091886535956422
0.492 1.0119240532896812 -1.7209618922449752 0.790884319914951
0.494 1.0153724452982 -1.7273973526838162 0.7733395269425614
0.496 1.0188335145791942 -1.733640610619763 0.7564988968552059
0.498 1.0223068852027453 -1.7397000430512104 0.7403129475069579
0.5 1.0257921974242095 -1.7455834678853162 0.7247372823857297